The first alphabet frequency counter.
a  =  5.970135630966941
b  =  5.731001624650882
c  =  9.421149668680746
d  =  6.107957138423906
e  =  4.101787115970866
f  =  4.290721235464852
g  =  3.2794216973038095
h  =  3.5778828425914093
i  =  3.997736441466932
j  =  0.9547105748343403
k  =  0.8798671072087036
l  =  3.069494897866049
m  =  5.297457147551158
n  =  2.258082181778354
o  =  2.704404811887333
p  =  7.710702615870465
q  =  0.5266424490242967
r  =  6.210182362497947
s  =  11.049451452145817
t  =  5.047370438655738
u  =  3.0229459119037623
v  =  1.6657235172778884
w  =  2.4753107829356895
x  =  0.07210529198079625
y  =  0.33588287910041803
z  =  0.2446103576057392
total:  100.00273817564482
